23019
24012
24004
24003
24005
24007
24008
24009
24010
24020
23138
24019
24021
24014
24027
24031
24035
24036
23139
23137
23109
23120
23111
23112
23113
23114
23117
23118
23119
23121
23136
23124
23125
23126
23127
23131
23132
23133
24041
24042
24045
24091
24078
24081
24083
24084
24085
24088
24089
24092
24044
24095
24097
24098
24101
24103
24104
24105
24077
24076
24074
24073
24049
24050
24051
24055
24056
24054
24057
24060
24061
24063
24064
24067
24070
24071
24072
23110
23108
23020
23049
23042
23044
23043
23045
23046
23047
23048
23050
23040
23051
23054
23055
23056
23057
23060
23061
23041
23039
23105
23028
23021
23022
23023
23024
23025
23026
23027
23029
23038
23030
23031
23032
23033
23034
23035
23036
23063
23064
23065
23096
23088
23089
23090
23091
23092
23094
23095
23097
23067
23098
23099
23100
23101
23102
23103
23104
23087
23086
23085
23084
23068
23069
23070
23071
23072
23073
23075
23076
23077
23078
23079
23080
23081
23082
23083
24108
