23019
23020
23021
23022
23023
23024
23025
23026
23027
23028
23029
23030
23031
23032
23033
23034
23035
23036
23038
23039
23040
23041
23042
23043
23044
23045
23046
23047
23048
23049
23050
23051
23054
23055
23057
23056
23061
23060
23063
23064
23065
23067
23068
23069
23070
23071
23072
23073
23075
23076
23077
23078
23079
23080
23082
23083
23084
23081
23085
23086
23087
23088
23089
23090
23091
23092
23093
23094
23095
23096
23097
23098
23099
23100
23101
23102
23103
23106
23107
23105
23104
23108
23109
23110
23111
23112
23113
23114
23115
23116
23117
23121
23118
23119
23120
23122
23123
23126
23127
23124
23125
23130
23129
23134
23131
23135
23132
23133
23136
23137
23138
23139
24003
24004
24005
24007
24008
24010
24009
24011
24012
24014
24015
24016
24017
24020
24019
24021
24022
24023
24025
24027
24028
24031
24035
24036
24037
24038
24040
24041
24042
24045
24046
24044
24049
24050
24047
24051
24053
24052
24054
24055
24056
24057
24059
24058
24062
24060
24061
24063
24064
24065
24066
24068
24069
24067
24070
24071
24072
24073
24074
24076
24077
24078
24080
24079
24081
24082
24083
24084
24085
24086
24087
24088
24089
24090
24091
24092
24093
24094
24096
24095
24097
24098
24099
24100
24103
24101
24104
24105
24108
24106
24107
24109
24110
